237 1
238 1
239 1
240 1
245 1
246 1
247 1
248 1
249 1
250 1
251 1
252 1
253 1
254 1
255 1
256 1
257 1
258 1
259 1
260 1
261 1
262 1
263 1
264 1
265 1
266 1
213 2
214 2
215 2
216 2
217 2
218 2
219 2
220 2
221 2
222 2
223 2
224 2
225 2
226 2
227 2
228 2
229 2
230 2
231 2
232 2
233 2
234 2
235 2
236 2
241 2
242 2
243 2
244 2
267 2
268 2
44 3
45 3
46 3
47 3
48 3
49 3
50 3
51 3
52 3
53 3
54 3
55 3
56 3
57 3
62 3
63 3
64 3
212 3
269 3
11 4
12 4
13 4
14 4
15 4
16 4
17 4
18 4
19 4
20 4
21 4
22 4
23 4
24 4
25 4
26 4
27 4
28 4
29 4
30 4
31 4
32 4
33 4
34 4
35 4
38 4
39 4
40 4
41 4
42 4
43 4
58 4
59 4
60 4
61 4
65 4
66 4
211 4
270 4
9 5
10 5
36 5
37 5
38 5
66 5
211 5
270 5
7 6
8 6
66 6
211 6
270 6
6 7
7 7
66 7
211 7
270 7
5 8
6 8
66 8
211 8
270 8
5 9
66 9
211 9
270 9
4 10
66 10
211 10
270 10
4 11
66 11
211 11
270 11
4 12
66 12
211 12
270 12
4 13
66 13
211 13
270 13
4 14
66 14
211 14
270 14
4 15
66 15
211 15
270 15
4 16
66 16
211 16
271 16
4 17
66 17
211 17
271 17
4 18
66 18
211 18
271 18
3 19
4 19
66 19
211 19
271 19
2 20
66 20
211 20
270 20
1 21
66 21
211 21
270 21
1 22
66 22
211 22
270 22
0 23
66 23
211 23
270 23
0 24
2 24
3 24
66 24
211 24
269 24
270 24
0 25
1 25
3 25
66 25
211 25
267 25
268 25
3 26
4 26
5 26
6 26
66 26
211 26
266 26
267 26
7 27
8 27
66 27
211 27
265 27
266 27
9 28
10 28
66 28
211 28
265 28
10 29
66 29
211 29
264 29
11 30
66 30
211 30
264 30
11 31
66 31
211 31
264 31
11 32
66 32
211 32
264 32
11 33
66 33
211 33
264 33
11 34
66 34
211 34
264 34
11 35
66 35
211 35
264 35
11 36
66 36
211 36
264 36
11 37
66 37
211 37
264 37
11 38
66 38
211 38
264 38
11 39
66 39
211 39
264 39
11 40
66 40
211 40
264 40
11 41
66 41
211 41
264 41
11 42
66 42
211 42
263 42
11 43
66 43
211 43
263 43
11 44
66 44
211 44
264 44
11 45
66 45
211 45
264 45
11 46
66 46
211 46
264 46
11 47
66 47
211 47
264 47
11 48
66 48
211 48
264 48
12 49
66 49
211 49
264 49
12 50
66 50
211 50
264 50
12 51
66 51
212 51
264 51
11 52
66 52
212 52
264 52
11 53
66 53
212 53
264 53
11 54
66 54
212 54
264 54
11 55
66 55
212 55
265 55
11 56
66 56
212 56
265 56
266 56
11 57
66 57
212 57
266 57
267 57
11 58
66 58
212 58
268 58
269 58
10 59
66 59
212 59
269 59
270 59
9 60
10 60
67 60
212 60
270 60
4 61
5 61
6 61
7 61
8 61
9 61
67 61
211 61
270 61
3 62
67 62
211 62
270 62
271 62
2 63
66 63
211 63
271 63
2 64
66 64
211 64
271 64
3 65
66 65
211 65
272 65
3 66
4 66
66 66
211 66
272 66
4 67
66 67
212 67
272 67
4 68
67 68
212 68
272 68
4 69
67 69
212 69
272 69
4 70
67 70
212 70
272 70
4 71
67 71
212 71
272 71
4 72
67 72
212 72
272 72
4 73
67 73
212 73
272 73
4 74
67 74
212 74
272 74
4 75
66 75
212 75
272 75
4 76
67 76
212 76
272 76
4 77
67 77
212 77
272 77
4 78
67 78
212 78
272 78
4 79
67 79
212 79
272 79
4 80
67 80
212 80
257 80
258 80
259 80
263 80
264 80
265 80
266 80
267 80
268 80
269 80
270 80
271 80
272 80
4 81
67 81
213 81
214 81
215 81
216 81
217 81
218 81
219 81
220 81
221 81
222 81
223 81
224 81
225 81
226 81
227 81
228 81
229 81
230 81
231 81
232 81
233 81
234 81
235 81
236 81
237 81
238 81
239 81
240 81
241 81
242 81
243 81
244 81
245 81
246 81
247 81
248 81
249 81
250 81
251 81
252 81
253 81
254 81
255 81
256 81
260 81
261 81
262 81
4 82
67 82
5 83
6 83
7 83
8 83
9 83
10 83
11 83
12 83
13 83
14 83
15 83
16 83
17 83
18 83
19 83
20 83
21 83
22 83
23 83
24 83
25 83
26 83
27 83
28 83
29 83
30 83
31 83
32 83
33 83
34 83
35 83
36 83
37 83
38 83
39 83
40 83
41 83
42 83
43 83
44 83
45 83
46 83
47 83
48 83
49 83
50 83
51 83
52 83
53 83
54 83
55 83
56 83
57 83
58 83
59 83
60 83
61 83
62 83
63 83
64 83
65 83
66 83
67 83
257 286
264 286
265 286
266 286
267 286
268 286
269 286
270 286
271 286
272 286
273 286
243 287
244 287
245 287
246 287
247 287
248 287
249 287
250 287
251 287
252 287
253 287
254 287
255 287
256 287
258 287
259 287
260 287
261 287
262 287
263 287
274 287
241 288
242 288
274 288
9 289
10 289
11 289
12 289
13 289
14 289
15 289
16 289
17 289
18 289
19 289
20 289
21 289
22 289
23 289
24 289
25 289
26 289
27 289
28 289
29 289
30 289
31 289
32 289
33 289
34 289
35 289
36 289
37 289
38 289
39 289
40 289
41 289
42 289
43 289
44 289
45 289
46 289
47 289
48 289
49 289
50 289
51 289
52 289
53 289
54 289
55 289
56 289
57 289
58 289
59 289
60 289
61 289
62 289
63 289
64 289
65 289
66 289
67 289
68 289
69 289
240 289
241 289
274 289
8 290
69 290
239 290
240 290
274 290
7 291
69 291
238 291
239 291
274 291
7 292
69 292
238 292
274 292
7 293
69 293
237 293
274 293
7 294
69 294
236 294
237 294
274 294
7 295
69 295
234 295
235 295
274 295
7 296
69 296
233 296
234 296
274 296
7 297
69 297
233 297
274 297
7 298
69 298
232 298
274 298
7 299
69 299
231 299
232 299
274 299
7 300
69 300
230 300
231 300
274 300
7 301
69 301
229 301
230 301
274 301
7 302
69 302
228 302
229 302
274 302
7 303
69 303
227 303
228 303
274 303
7 304
69 304
226 304
227 304
274 304
6 305
7 305
69 305
225 305
226 305
274 305
5 306
69 306
224 306
225 306
274 306
4 307
69 307
223 307
224 307
273 307
4 308
69 308
222 308
223 308
273 308
4 309
69 309
221 309
222 309
273 309
5 310
69 310
220 310
221 310
271 310
272 310
5 311
69 311
219 311
220 311
269 311
270 311
6 312
7 312
8 312
9 312
10 312
69 312
218 312
219 312
268 312
269 312
11 313
12 313
69 313
217 313
218 313
268 313
13 314
69 314
216 314
217 314
268 314
14 315
69 315
216 315
268 315
14 316
69 316
215 316
267 316
14 317
69 317
215 317
267 317
14 318
69 318
214 318
267 318
14 319
69 319
214 319
267 319
14 320
69 320
214 320
267 320
14 321
69 321
214 321
267 321
14 322
69 322
214 322
267 322
14 323
69 323
214 323
267 323
14 324
69 324
214 324
267 324
14 325
69 325
215 325
267 325
14 326
69 326
215 326
268 326
14 327
69 327
215 327
268 327
14 328
69 328
214 328
268 328
14 329
69 329
214 329
268 329
14 330
69 330
214 330
268 330
14 331
69 331
214 331
268 331
14 332
69 332
214 332
268 332
14 333
69 333
215 333
268 333
14 334
69 334
215 334
267 334
14 335
69 335
215 335
268 335
14 336
69 336
215 336
268 336
14 337
69 337
215 337
268 337
14 338
69 338
215 338
267 338
14 339
69 339
215 339
268 339
14 340
69 340
215 340
268 340
14 341
69 341
215 341
269 341
14 342
69 342
215 342
269 342
14 343
69 343
215 343
270 343
14 344
69 344
215 344
271 344
272 344
273 344
274 344
13 345
14 345
69 345
215 345
12 346
13 346
69 346
215 346
274 346
6 347
7 347
8 347
9 347
10 347
11 347
69 347
215 347
273 347
6 348
69 348
215 348
274 348
6 349
69 349
215 349
274 349
7 350
69 350
215 350
274 350
7 351
70 351
215 351
274 351
7 352
70 352
215 352
274 352
8 353
70 353
215 353
274 353
8 354
70 354
215 354
274 354
8 355
70 355
215 355
274 355
8 356
70 356
215 356
275 356
8 357
70 357
215 357
275 357
8 358
69 358
215 358
275 358
8 359
69 359
215 359
274 359
8 360
69 360
215 360
274 360
8 361
69 361
215 361
274 361
7 362
69 362
215 362
274 362
8 363
69 363
215 363
274 363
8 364
9 364
70 364
215 364
273 364
274 364
9 365
10 365
70 365
215 365
272 365
273 365
10 366
11 366
70 366
216 366
217 366
218 366
219 366
220 366
221 366
222 366
223 366
224 366
225 366
226 366
227 366
228 366
229 366
230 366
231 366
232 366
233 366
234 366
235 366
236 366
237 366
238 366
239 366
240 366
241 366
242 366
243 366
244 366
245 366
246 366
247 366
248 366
249 366
250 366
251 366
252 366
253 366
254 366
255 366
256 366
257 366
258 366
259 366
260 366
261 366
262 366
263 366
264 366
265 366
266 366
267 366
268 366
269 366
270 366
271 366
272 366
11 367
12 367
70 367
12 368
13 368
33 368
37 368
38 368
39 368
44 368
45 368
46 368
47 368
48 368
49 368
50 368
51 368
52 368
53 368
54 368
55 368
56 368
57 368
58 368
59 368
60 368
61 368
62 368
63 368
64 368
65 368
66 368
67 368
68 368
69 368
70 368
13 369
14 369
15 369
16 369
17 369
18 369
19 369
20 369
21 369
22 369
23 369
24 369
25 369
26 369
27 369
28 369
29 369
30 369
31 369
32 369
34 369
35 369
36 369
40 369
41 369
42 369
43 369
178 370
179 371
176 372
175 373
175 374
177 374
175 375
176 375
177 375
