238.049 1.498
239.006 1.5
239.998 1.5
240.977 1.49899
245.987 1.42101
246.955 1.283
247.996 1.28799
249.033 1.325
249.986 1.354
250.996 1.325
252.002 1.336
253.008 1.327
254.024 1.313
254.998 1.289
255.991 1.274
256.998 1.283
258.006 1.28101
259.01 1.267
259.991 1.26401
260.996 1.265
262.004 1.24699
263.002 1.258
263.998 1.26199
264.999 1.23801
266.011 1.22099
266.991 1.339
213.989 2.207
214.993 2.17599
215.992 2.153
217.002 2.13699
218.01 2.12399
219.005 2.10899
220.002 2.04201
221.001 2.011
222 2.006
223 1.983
223.997 1.92799
224.999 1.95799
226.001 1.96201
227.001 1.94701
228.004 1.95
229.001 1.97301
229.995 1.94701
230.996 1.944
232.003 1.964
233.001 1.97301
234.001 1.98399
235 2.00101
235.999 1.993
236.999 1.966
242.002 1.98801
242.997 1.936
243.97 1.896
244.97 1.86099
268.054 1.825
268.997 2.006
45.019 3.5
45.941 3.42101
46.962 3.40601
48.069 3.44901
49.113 3.487
49.995 3.418
50.973 3.317
52.006 3.33099
52.984 3.311
53.988 3.327
54.992 3.39799
55.952 3.468
57.022 3.5
58.028 3.49899
62.992 3.5
64.011 3.5
65.026 3.49899
212.929 2.92799
270.116 2.899
11.984 4.202
12.999 4.11
14.005 4.12801
14.999 4.136
16.006 4.106
17.003 4.06799
18 4.06799
18.999 4.07001
19.999 4.052
20.997 4.082
22.003 4.08501
23.002 4.082
23.996 4.101
24.993 4.10201
25.998 4.06799
27.011 4.07001
28.002 4.092
28.99 4.08299
29.998 4.07401
31.004 4.078
32.005 4.056
33.001 4.017
34 4.006
35 4.005
35.995 4.073
39.002 4.009
40.001 4.01801
41 3.996
42.004 3.95799
42.985 3.91
43.963 3.86501
59.011 3.901
60.003 3.901
60.995 3.892
61.988 3.895
66.005 3.98801
66.774 4.237
212.174 3.998
270.953 4.021
9.923 4.908
10.861 4.604
37.115 4.513
37.946 4.50301
38.803 4.53999
66.994 5.002
212.134 5.00101
271.154 4.964
8.15199 6.16299
8.85699 5.811
67.095 5.99001
212.117 6.004
271.356 5.97701
7.23 7.194
7.774 6.817
67.19 7.009
212.127 6.99699
271.49 6.90199
6.345 8.233
6.85001 7.856
67.204 8.011
212.149 7.993
271.476 7.99699
5.97501 8.981
67.192 8.98599
212.179 8.993
271.496 9.063
5.216 10.08
67.172 10.001
212.227 9.98
271.5 9.989
5.052 11.008
67.21 11.009
212.247 11.023
271.498 11.048
4.97501 12
67.248 11.976
212.27 12.009
271.496 11.934
4.924 13.001
67.238 12.98
212.268 12.984
271.479 12.858
4.94501 13.998
67.281 14.003
212.286 14.026
271.496 13.936
4.94501 14.998
67.302 14.992
212.263 14.977
271.496 14.94
4.95799 16.002
67.303 15.999
212.263 15.965
272.265 15.985
4.94701 17.002
67.304 17
212.272 16.998
272.194 17.026
4.927 18.001
67.334 17.997
212.266 18.011
272.107 18.021
4.082 19.181
4.726 18.804
67.338 18.996
212.267 19.002
271.935 18.993
2.952 19.932
67.345 19.985
212.26 20.002
271.418 20.098
2.214 21.063
67.344 21.014
212.257 21.014
271.35 21.083
1.752 21.915
67.338 22.005
212.28 22.011
271.37 21.991
1.049 23.003
67.325 23.007
212.286 22.991
271.228 23.012
0.942993 24.007
2.52499 24.155
3.784 24.014
67.322 23.997
212.273 23.995
270.083 24.34
270.924 23.887
0.936996 25.015
1.966 25.018
3.80299 24.975
67.333 24.985
212.274 24.99
268.254 25.321
268.973 24.965
3.83501 26.261
5.034 26.499
6.02299 26.499
6.966 26.499
67.343 25.999
212.273 25.987
267.3 26.277
267.846 25.846
7.953 27.127
8.81 27.413
67.364 27.006
212.254 27.01
266.356 27.191
266.912 26.909
9.96201 28.084
10.668 28.374
67.344 27.999
212.247 27.999
266.099 28.032
10.943 29.032
67.345 28.989
212.263 29.001
265.495 29.071
11.556 30.15
67.338 30.011
212.301 29.986
265.496 30.065
11.84 31.041
67.305 31.017
212.353 30.973
265.384 31.044
11.924 32.006
67.292 31.996
212.4 31.971
265.351 31.986
11.994 33
67.298 32.99
212.439 32.993
265.275 32.99
12.034 33.999
67.312 34.004
212.433 34.046
265.229 34.036
12.04 34.996
67.343 34.993
212.383 35.021
265.222 35.033
12.063 35.996
67.386 35.993
212.338 36.02
265.202 35.993
12.122 36.998
67.367 37.01
212.344 36.993
265.123 36.994
12.14 37.99
67.381 37.997
212.342 37.99
265.136 38.013
12.107 39.006
67.352 39.002
212.339 39
265.139 39.003
12.104 40.017
67.3 40.004
212.395 40.002
265.133 39.993
12.079 41.004
67.305 40.981
212.449 40.985
265.099 41
12.026 42
67.332 42.01
212.497 41.964
263.501 41.968
11.977 42.999
67.323 43.017
212.484 42.981
263.503 42.943
11.988 44.001
67.334 43.993
212.438 44.016
265.221 43.959
11.988 45.001
67.396 44.997
212.375 45.052
265.292 44.949
12.024 45.998
67.416 45.989
212.328 46.011
265.406 45.974
12.061 47
67.441 46.98
212.25 46.992
265.499 46.974
12.213 47.995
67.5 47.983
212.245 48.009
265.5 47.987
12.514 49.118
67.48 49.013
212.323 48.997
265.5 48.99
12.501 50.029
67.499 50.028
212.48 49.924
265.5 49.998
12.505 50.927
67.498 50.957
212.808 51.023
265.5 50.983
12.232 52.022
67.494 51.922
212.875 51.997
265.5 52.001
12.144 53.005
67.499 52.965
212.949 53.001
265.5 52.998
12.117 54.005
67.5 53.98
212.961 54.002
265.497 53.945
12.057 55.005
67.497 55.059
212.919 55.003
266.206 54.922
11.963 55.994
67.497 56.057
212.929 55.997
266.436 55.755
266.937 56.05
11.831 56.952
67.499 56.966
212.945 56.996
267.299 56.645
268.015 56.973
11.62 57.86
67.5 57.984
212.881 58.005
269.164 57.713
270.023 57.951
10.914 58.959
67.499 58.965
212.858 58.995
270.357 58.684
270.746 59.224
10.053 60.061
10.579 59.731
67.962 60.002
212.895 59.997
270.943 60.024
4.998 61.139
6.007 61.09
7.004 61.051
7.996 60.964
8.94501 60.825
9.82201 60.595
67.961 60.997
212.499 60.965
271.491 60.905
3.97501 61.968
67.943 61.994
212.499 62.028
271.384 61.68
272.22 61.852
3.172 63.014
67.498 63.049
212.499 63.03
272.422 62.732
3.202 64.027
67.498 63.958
212.439 64.01
272.498 63.958
3.646 65.353
67.494 64.923
212.358 65.002
273.136 64.995
4.00301 65.994
4.737 66.329
67.5 66.011
212.46 65.987
273.223 66.003
4.966 67.015
67.498 67.042
212.837 67.027
273.335 66.983
5.159 67.985
68.055 67.993
212.871 68.024
273.353 68.014
5.226 68.989
68.107 68.982
212.951 69
273.34 68.992
5.254 70.007
68.133 69.993
212.995 70
273.413 69.89
5.338 71
68.158 71.017
213 71
273.497 70.945
5.436 71.926
68.141 72.016
212.969 72.001
273.5 72
5.49899 72.977
68.116 73.005
212.968 72.997
273.493 72.914
5.49899 74.029
68.067 73.995
212.934 73.996
273.5 74.017
5.49899 75.032
66.5 75
212.919 74.999
273.485 75.121
5.5 75.98
68.105 76.006
212.904 76.002
273.495 76.07
5.498 76.96
68.138 76.983
212.939 77.001
273.383 76.984
5.5 78.013
68.139 77.979
212.98 78.001
273.338 77.974
5.5 79.005
68.149 79.009
212.995 79
273.357 78.973
5.49899 80.035
68.183 80.027
213.017 80
257.989 80.5
258.999 80.5
259.999 80.5
264.005 80.5
264.98 80.5
266.021 80.5
267.041 80.498
268.025 80.451
269.002 80.438
269.985 80.418
270.958 80.477
272.105 80.389
273.063 80.045
5.495 81.072
68.105 80.995
213.851 81.215
215.002 81.5
216.038 81.49
217.015 81.439
217.998 81.375
219.007 81.306
219.998 81.312
220.992 81.304
222 81.297
222.988 81.306
223.989 81.365
225.017 81.375
226.003 81.377
227 81.364
228.022 81.367
228.989 81.363
229.994 81.342
231.021 81.317
232.019 81.301
233.002 81.258
233.982 81.24
235.001 81.224
236.009 81.245
236.996 81.232
238.007 81.255
239.011 81.211
240.015 81.168
241.012 81.122
242.004 81.114
242.997 81.049
244.003 81.043
245.005 81.101
245.978 81.126
246.984 81.13
248.012 81.166
249.016 81.192
249.994 81.139
250.998 81.131
251.999 81.116
252.994 81.145
253.999 81.133
255.003 81.111
256.011 81.064
257.005 81.03
261.005 80.957
261.996 80.937
262.988 80.938
5.49899 82.028
68.057 82.002
6.026 82.975
6.976 83.238
8.002 83.315
8.965 83.438
9.97501 83.499
11.006 83.5
12.008 83.5
13.009 83.5
13.994 83.477
15.021 83.487
16.011 83.458
16.983 83.421
17.986 83.445
19.008 83.431
20.014 83.409
21 83.442
21.998 83.409
23.013 83.352
24.015 83.33
24.997 83.306
25.987 83.291
26.996 83.294
28.01 83.326
28.999 83.342
29.998 83.364
30.994 83.369
31.993 83.393
33.005 83.337
34.003 83.31
34.991 83.319
36.009 83.309
37.01 83.299
37.987 83.383
38.964 83.41
40.004 83.372
41.037 83.343
42 83.34
42.991 83.301
43.994 83.308
44.99 83.317
45.996 83.316
47.001 83.314
48.013 83.313
49.013 83.298
49.997 83.302
51.006 83.346
51.993 83.35
52.979 83.347
54.007 83.352
55.023 83.336
56.006 83.309
56.995 83.294
57.996 83.296
58.994 83.308
60.002 83.318
61 83.354
61.993 83.364
62.996 83.359
64.012 83.351
65.003 83.355
65.997 83.28
67.051 83.163
67.865 82.873
257.987 286.5
265.07 286.495
266.084 286.493
266.963 286.421
267.992 286.309
269.024 286.307
269.99 286.309
270.999 286.27
271.996 286.298
272.967 286.389
273.981 286.439
244.086 287.254
244.993 287.077
245.994 287.04
247 287.062
248.002 287.078
249.003 287.069
250.001 287.054
251.003 287.053
252 287.002
252.997 286.957
253.994 286.963
255.005 286.908
256.008 286.869
256.995 286.879
259.007 286.919
259.999 286.937
260.998 286.949
262.001 286.953
262.999 286.922
263.992 286.881
274.999 287.002
242.122 288.159
242.868 287.847
275.498 287.959
9.97301 289.279
11.002 289.216
12.008 289.203
13.006 289.207
14.004 289.208
14.99 289.222
15.99 289.239
17 289.257
18.003 289.253
18.991 289.264
19.994 289.263
21.003 289.248
22.009 289.241
23.005 289.235
23.981 289.246
24.994 289.256
26.015 289.258
27.003 289.258
28.023 289.253
29 289.23
29.982 289.215
31.006 289.224
32.007 289.215
32.999 289.231
34 289.227
35.01 289.197
36.008 289.2
36.993 289.205
37.99 289.197
38.993 289.207
40.013 289.169
41.039 289.159
41.991 289.161
42.971 289.147
43.997 289.146
44.998 289.204
46.007 289.173
47.019 289.16
48.007 289.15
48.989 289.142
50 289.123
51.008 289.136
52.004 289.12
52.999 289.102
53.997 289.11
54.996 289.124
55.994 289.12
57.003 289.123
58.008 289.133
59.004 289.12
60.002 289.103
60.996 289.089
62 289.079
63.007 289.067
64.001 289.025
65 289.006
65.998 288.974
66.995 288.907
67.985 288.878
68.999 288.893
69.96 289.045
241.101 289.113
241.755 288.744
275.491 288.906
8.952 289.923
70.229 289.951
240.185 290.111
240.7 289.709
275.492 289.908
8.03999 291.003
70.344 291.023
239.285 291.211
239.857 290.88
275.5 291.016
7.989 291.999
70.381 291.978
238.947 291.95
275.5 292.005
7.911 292.996
70.396 292.998
237.958 292.961
275.497 292.943
7.91901 293.993
70.385 294.019
236.964 293.958
237.655 293.638
275.499 293.972
7.92101 295.003
70.401 294.985
235.265 295.304
235.931 294.929
275.498 295.042
7.93201 296.005
70.382 296.005
234.311 296.269
234.896 295.887
275.5 295.986
7.98801 297.001
70.381 296.995
233.926 296.928
275.499 297.033
8.05499 297.997
70.36 298.007
232.989 297.991
275.498 298.049
8.073 298.994
70.355 299.012
232.069 299.07
232.597 298.705
275.499 298.966
8.103 299.994
70.353 299.987
231.031 300.035
231.707 299.695
275.498 300.042
8.127 301.003
70.343 300.999
229.97 300.971
230.658 300.636
275.474 301.101
8.12801 301.999
70.38 302.014
229.004 302.004
229.66 301.633
275.378 302.069
8.084 303
70.426 302.976
228.059 303.059
228.64 302.653
275.284 303.007
8.039 304.003
70.449 303.976
227.008 304.007
227.63 303.664
275.157 303.994
7.048 305.191
7.827 304.849
70.438 305.002
226.082 305.091
226.668 304.699
275.086 305.016
5.912 305.874
70.45 306.025
225.076 306.066
225.623 305.672
274.99 305.998
5.117 307.013
70.453 307.03
224.136 307.125
224.765 306.777
274.496 307.062
5.132 308.019
70.42 307.982
223.079 308.093
223.788 307.793
274.217 308.058
5.241 308.91
70.385 308.987
222.125 309.11
222.709 308.719
273.972 308.982
5.769 310.109
70.384 310.024
221.084 310.085
221.742 309.768
272.117 310.293
273.036 310.132
5.784 311.009
70.397 310.998
220.139 311.146
220.756 310.746
270.199 311.324
271.006 311.012
6.83501 312.22
8.01601 312.5
8.976 312.499
9.98399 312.5
10.945 312.497
70.381 311.964
219.082 312.075
219.739 311.735
269.451 312.216
269.893 311.915
11.951 313.183
12.896 313.369
70.401 313.006
218.086 313.097
218.751 312.724
269.176 313.027
13.901 314.138
70.448 314.02
217.127 314.099
217.758 313.674
269.022 314.003
14.787 315.065
70.421 314.986
216.822 314.842
268.892 314.977
14.91 316.022
70.449 315.991
216.045 316.014
268.491 316.097
15.004 317
70.408 317.007
215.862 316.973
268.395 317.035
15.015 318.001
70.351 318.014
215.499 318.032
268.406 317.963
14.981 318.998
70.351 319.01
215.498 318.952
268.422 318.948
14.99 320
70.385 319.991
215.497 319.942
268.498 319.96
15.005 320.999
70.374 320.982
215.5 320.985
268.5 321.012
15.046 321.993
70.43 322.005
215.498 322.043
268.5 322.006
15.103 322.993
70.433 323.003
215.497 323.058
268.5 322.996
15.154 323.998
70.405 324.001
215.497 323.941
268.5 323.997
15.131 325.005
70.5 325.016
215.85 325.013
268.5 324.983
15.123 326.008
70.493 325.915
215.873 325.995
268.988 326.003
15.147 327.004
70.487 326.996
215.845 326.991
269.023 326.995
15.183 327.972
70.491 328.092
215.497 328.056
269.049 328.004
15.226 328.97
70.5 328.996
215.477 329.035
269.123 329.015
15.27 330.013
70.492 329.913
215.413 329.996
269.152 329.98
15.287 331.02
70.5 330.981
215.39 330.988
269.097 330.983
15.208 332.014
70.5 331.993
215.499 331.97
269.073 332.011
15.161 333.013
70.5 332.99
215.836 333.025
269.085 333.02
15.12 334.003
70.497 334.054
215.8 334.005
267.504 334.06
15.095 334.997
70.5 335.014
215.854 334.975
269.065 334.983
15.091 336.001
70.5 336.008
215.925 336.004
269.059 336.002
15.136 336.998
70.497 336.945
215.945 337.015
269.08 337.02
15.162 337.982
70.499 337.974
215.944 338.001
267.5 337.993
15.211 338.983
70.5 339.016
215.992 338.999
269.141 338.963
15.27 339.999
70.497 340.052
216 340
269.357 339.845
15.226 341.018
70.498 341.049
215.985 341.001
269.986 341.006
15.145 342.037
70.498 341.956
215.999 342
270.246 341.91
14.998 342.999
70.498 342.958
216.032 342.997
271.072 342.936
14.714 343.86
70.499 344.034
216.055 343.999
272.086 343.766
273.019 343.845
274.004 343.974
274.898 344.272
13.921 344.925
14.568 344.748
70.5 345.017
216.076 345.003
12.888 345.877
13.669 345.625
70.5 345.992
216.089 346
275.108 346.034
7.114 347.204
7.998 346.847
9.008 346.894
9.993 346.942
10.978 346.879
11.873 346.662
70.499 346.966
216.095 346.995
274.497 346.942
7.09399 348.007
70.496 347.935
216.092 347.998
275.081 347.967
7.008 348.997
70.5 348.984
216.118 349.004
275.205 348.938
7.62 350.105
69.501 350.038
216.145 349.991
275.492 349.913
7.936 351.031
71.077 350.989
216.163 350.986
275.494 350.921
8.13 351.93
71.092 351.996
216.153 352.003
275.496 351.934
8.69501 353.057
71.112 353.014
216.175 353.005
275.5 353.012
8.827 354.001
71.1 354.008
216.17 354.008
275.496 354.06
8.888 355.006
71.045 355
216.16 355.003
275.498 354.953
8.90401 356.007
71.011 356
216.169 355.993
276.117 355.987
8.881 356.996
70.968 356.996
216.197 356.984
276.158 356.999
8.91901 357.994
70.497 358.059
216.219 357.989
276.143 358.016
8.903 359.001
70.5 359.019
216.207 359.007
275.457 359.204
8.901 360.001
70.5 360.003
216.211 360.005
275.437 360.243
8.88901 360.996
70.5 360.984
216.21 361.001
275.482 361.134
8.5 362.018
70.5 362.015
216.21 361.997
275.494 362.061
9.05099 362.993
70.5 363.012
216.184 362.999
274.991 362.998
9.175 363.922
9.646 364.353
71.001 364
216.214 364.002
274.453 364.211
274.768 363.872
10.008 364.991
10.693 365.378
71.07 364.983
216.285 365.004
273.314 365.389
274.05 365.038
11.024 365.976
11.65 366.357
71.122 366.002
216.868 366.081
218.018 366.5
218.974 366.499
219.966 366.499
221.021 366.5
222.034 366.499
223.047 366.498
223.99 366.5
224.968 366.499
226.029 366.499
226.983 366.5
227.967 366.499
229.024 366.499
229.996 366.5
231.015 366.5
232.045 366.498
233.016 366.5
233.983 366.5
234.996 366.5
235.998 366.5
237.016 366.5
237.985 366.5
238.982 366.5
240.044 366.498
240.998 366.5
241.933 366.495
242.994 366.5
244.06 366.496
245.017 366.5
245.995 366.5
247.005 366.5
247.993 366.5
248.991 366.5
250.002 366.5
251.03 366.481
252.011 366.409
252.996 366.352
254.006 366.359
255.008 366.343
255.995 366.366
256.987 366.404
257.985 366.424
259.005 366.44
260.017 366.497
260.958 366.498
261.992 366.5
263.026 366.499
263.987 366.485
265.031 366.438
266.02 366.429
266.981 366.394
268.01 366.319
269.038 366.263
270.043 366.224
271.009 366.15
271.999 365.986
272.907 365.793
12.072 366.919
12.742 367.244
71.166 367.004
13.034 367.974
13.583 368.276
33.952 367.502
37.964 368.499
39.026 368.499
39.985 368.5
45.033 368.499
46.005 368.5
46.968 368.499
48.032 368.499
49.008 368.5
50.028 368.499
51.011 368.5
51.967 368.499
53.005 368.5
54.004 368.5
55.002 368.5
56.038 368.499
56.993 368.5
57.979 368.5
59.02 368.5
60.02 368.5
61.028 368.493
61.99 368.436
62.992 368.399
64.027 368.374
65.005 368.362
65.969 368.399
66.983 368.453
67.988 368.5
68.959 368.498
70.12 368.474
70.989 367.993
14.075 368.882
14.978 369.09
15.99 369.244
16.976 369.318
18.005 369.295
19.008 369.281
20.017 369.232
21.027 369.228
21.989 369.197
23 369.206
24.011 369.177
25.006 369.179
26.008 369.165
26.984 369.179
27.986 369.185
28.999 369.229
29.998 369.242
31.007 369.186
32.012 369.137
33.012 369.095
34.995 369.057
36.001 369.036
37.004 369.046
40.992 369.054
41.998 369.048
43.012 369.088
44.005 369.054
179.019 369.856
180.425 371.264
176.78 372.015
176.289 373.024
176.142 373.994
178.298 374.123
176.006 374.997
176.959 375.101
178.123 375.06
